   241,    4
    19850306,         0.000,        17.390,   1000000.000
    19850307,        -0.800,        18.200,   1000000.000
    19850308,        -0.800,        18.800,   1000000.000
    19850309,        -0.800,        19.390,   1000000.000
    19850311,        -0.040,        19.990,   1000000.000
    19850312,        -0.040,        20.210,   1000000.000
    19850313,        -0.040,        20.430,   1000000.000
    19850314,        -0.040,        20.430,   1000000.000
    19850315,        -0.040,        20.510,   1000000.000
    19850316,        -0.040,        20.660,   1000000.000
    19850318,        -0.020,        20.730,   1000000.000
    19850322,         0.000,        20.510,   1000000.000
    19850325,         0.000,        20.510,   1000000.000
    19850404,         0.000,        20.660,   1000000.000
    19850502,         0.000,        21.770,   1000000.000
    19850524,         0.000,        22.360,   1000000.000
    19850608,        -0.020,        22.140,   1000000.000
    19850720,        -0.020,        20.950,   1000000.000
    19850820,        -0.020,        20.430,   1000000.000
    19850925,        -0.040,        19.910,   1000000.000
    19851022,         0.080,        19.170,   1000000.000
    19851116,        -0.080,        19.320,   1000000.000
    19851216,         0.000,        19.470,   1000000.000
    19860117,        -0.020,        19.170,   1000000.000
    19860210,         0.060,        17.010,   1000000.000
    19860315,         0.120,        13.740,   1000000.000
    19860416,         0.120,        10.100,   1000000.000
    19860522,         0.120,         9.290,   1000000.000
    19860614,         0.120,         8.920,   1000000.000
    19860709,         0.140,         8.540,   1000000.000
    19860801,         0.140,         8.250,   1000000.000
    19860908,         0.150,        14.560,   1000000.000
    19861004,         0.150,        14.560,   1000000.000
    19861011,         0.150,         7.950,   1000000.000
    19861110,         0.170,        14.560,   1000000.000
    19861124,         0.170,         7.880,   1000000.000
    19861213,         0.120,         7.950,   1000000.000
    19861223,         0.120,         7.650,   1000000.000
    19870106,         0.120,         7.430,   1000000.000
    19870205,         0.250,         6.760,   1000000.000
    19870313,         0.250,         6.690,   1000000.000
    19870320,         0.270,         5.940,   1000000.000
    19870413,         0.270,         6.320,   1000000.000
    19870423,         0.270,         6.240,   1000000.000
    19870514,         0.270,         6.390,   1000000.000
    19870520,         0.270,         6.240,   1000000.000
    19870606,         0.290,         6.240,   1000000.000
    19870624,         0.420,         6.090,   1000000.000
    19870704,         0.390,         6.170,   1000000.000
    19870720,         0.390,         6.170,   1000000.000
    19870808,         0.420,         6.170,   1000000.000
    19870819,         0.370,         6.240,   1000000.000
    19870903,         0.350,         6.320,   1000000.000
    19870915,         0.350,         6.540,   1000000.000
    19871006,         0.350,         6.910,   1000000.000
    19871017,         0.370,         7.060,   1000000.000
    19871103,         0.310,         7.130,   1000000.000
    19871117,         0.310,         7.280,   1000000.000
    19871204,         0.250,         7.650,   1000000.000
    19871216,         0.040,         7.950,   1000000.000
    19880104,         0.140,         7.800,   1000000.000
    19880118,         0.270,         8.100,   1000000.000
    19880201,         0.290,         8.170,   1000000.000
    19880309,         0.310,         8.020,   1000000.000
    19880321,         0.270,         7.800,   1000000.000
    19880408,         0.290,         7.800,   1000000.000
    19880419,         0.190,         7.580,   1000000.000
    19880509,         0.150,         7.650,   1000000.000
    19880520,         0.190,         7.580,   1000000.000
    19880607,         0.200,         7.580,   1000000.000
    19880617,         0.170,         7.650,   1000000.000
    19880712,         0.170,         7.880,   1000000.000
    19880726,         0.000,         8.250,   1000000.000
    19880803,         0.600,         7.880,   1000000.000
    19880817,         0.500,         8.540,   1000000.000
    19880902,         0.120,         8.770,   1000000.000
    19880920,         0.230,         9.060,   1000000.000
    19881007,         0.020,         9.440,   1000000.000
    19881018,         0.960,         8.770,   1000000.000
    19881107,         0.910,         9.210,   1000000.000
    19881122,         0.210,         9.810,   1000000.000
    19881207,         0.250,         9.880,   1000000.000
    19881221,         0.060,        10.180,   1000000.000
    19890106,         0.370,         9.660,   1000000.000
    19890124,         0.100,         9.960,   1000000.000
    19890227,         0.080,         9.590,   1000000.000
    19890307,         0.190,         8.990,   1000000.000
    19890317,         0.000,         9.440,   1000000.000
    19890408,         0.170,         9.140,   1000000.000
    19890418,         0.270,         8.620,   1000000.000
    19890509,         0.500,         8.250,   1000000.000
    19890523,         0.710,         8.770,   1000000.000
    19890609,         0.830,         8.840,   1000000.000
    19890620,         0.830,         8.400,   1000000.000
    19890719,         0.290,         8.250,   1000000.000
    19890726,         0.460,         8.770,   1000000.000
    19890803,         0.170,         9.210,   1000000.000
    19900417,         0.100,         9.660,   1000000.000
    19900424,         0.420,         9.140,   1000000.000
    19900427,         0.170,         9.440,   1000000.000
    19900507,         0.420,         9.140,   1000000.000
    19900524,         0.310,         8.920,   1000000.000
    19900608,         0.350,         9.060,   1000000.000
    19900622,         0.460,         8.840,   1000000.000
    19900707,         0.140,         9.140,   1000000.000
    19900723,         1.140,         8.770,   1000000.000
    19900808,         0.620,         8.690,   1000000.000
    19900822,         0.870,         8.540,   1000000.000
    19900905,         0.120,         9.510,   1000000.000
    19900921,         0.980,         8.920,   1000000.000
    19901009,         1.060,         9.060,   1000000.000
    19901018,         0.370,        10.030,   1000000.000
    19901106,         0.290,        10.330,   1000000.000
    19910624,         0.150,         8.920,   1000000.000
    19910711,         0.170,         9.060,   1000000.000
    19910812,         0.120,         9.590,   1000000.000
    19910906,         0.060,        10.180,   1000000.000
    19911007,         0.190,        10.700,   1000000.000
    19911102,         0.190,        11.000,   1000000.000
    19911217,         0.170,        11.150,   1000000.000
    19920106,         0.230,        10.250,   1000000.000
    19920213,         0.150,        10.250,   1000000.000
    19920317,         0.100,         9.360,   1000000.000
    19920409,         0.140,         9.140,   1000000.000
    19920508,         0.120,         8.990,   1000000.000
    19920526,         0.140,         8.990,   1000000.000
    19920605,         0.120,         8.990,   1000000.000
    19920621,         0.100,         8.920,   1000000.000
    19920706,         0.100,         9.440,   1000000.000
    19920715,         0.230,         9.290,   1000000.000
    19920812,         0.150,         9.880,   1000000.000
    19920824,         0.150,         9.960,   1000000.000
    19920910,         0.440,         9.960,   1000000.000
    19920926,         0.060,        10.400,   1000000.000
    19921012,         0.140,        10.630,   1000000.000
    19921027,         0.140,        10.550,   1000000.000
    19921107,         0.140,        10.700,   1000000.000
    19921116,         0.150,        11.000,   1000000.000
    19921217,         0.040,        10.920,   1000000.000
    19930819,         0.060,         8.990,   1000000.000
    19930902,         0.120,         9.290,   1000000.000
    19930915,         0.170,         9.440,   1000000.000
    19930923,         0.120,         9.510,   1000000.000
    19931006,         0.140,         9.810,   1000000.000
    19931016,         0.140,         9.960,   1000000.000
    19931028,         0.060,        10.180,   1000000.000
    19931105,         0.120,        10.330,   1000000.000
    19931123,         0.150,        10.480,   1000000.000
    19931208,         0.020,        10.400,   1000000.000
    19931217,         0.100,        10.480,   1000000.000
    19940201,         0.120,        10.250,   1000000.000
    19940525,         0.120,         9.140,   1000000.000
    19940603,         0.120,         9.060,   1000000.000
    19940620,         0.120,         8.920,   1000000.000
    19940706,         0.080,         8.920,   1000000.000
    19940719,         1.470,        17.830,   1000000.000
    19940805,         0.080,         9.730,   1000000.000
    19940817,         0.150,         8.990,   1000000.000
    19940909,         0.120,         9.590,   1000000.000
    19940927,         0.120,        11.290,   1000000.000
    19941010,         0.140,         9.140,   1000000.000
    19941109,         0.120,        10.100,   1000000.000
    19941124,         0.120,        10.250,   1000000.000
    19941208,         0.120,        10.330,   1000000.000
    19941222,        -0.080,        10.180,   1000000.000
    19950104,         0.170,        10.480,   1000000.000
    19950118,         0.140,        10.480,   1000000.000
    19950214,         0.330,        10.330,   1000000.000
    19950227,         0.100,         9.730,   1000000.000
    19950314,         0.080,         9.440,   1000000.000
    19950322,         0.120,         9.510,   1000000.000
    19950412,         0.230,         9.290,   1000000.000
    19950424,         0.140,         9.060,   1000000.000
    19950508,         0.140,         8.920,   1000000.000
    19950523,         0.170,         8.840,   1000000.000
    19950612,         0.230,         8.920,   1000000.000
    19950626,         0.310,         9.210,   1000000.000
    19950710,         0.390,         9.290,   1000000.000
    19950725,         0.190,         9.510,   1000000.000
    19950812,         0.390,         9.730,   1000000.000
    19950824,        -0.060,         9.510,   1000000.000
    19950927,         0.140,        10.550,   1000000.000
    19951012,         0.140,        10.700,   1000000.000
    19951031,         0.120,        11.590,   1000000.000
    19951113,         0.100,        10.850,   1000000.000
    19951128,         0.080,        11.000,   1000000.000
    19951212,         0.120,        10.920,   1000000.000
    19951225,         0.150,        10.920,   1000000.000
    19960110,         0.120,        10.770,   1000000.000
    19960122,         0.120,        10.550,   1000000.000
    19960202,         0.100,        10.330,   1000000.000
    19960314,         0.100,         9.730,   1000000.000
    19960327,         0.140,         9.510,   1000000.000
    19960412,         0.120,         9.140,   1000000.000
    19960422,         0.080,         9.060,   1000000.000
    19960508,         0.100,         8.840,   1000000.000
    19960522,         0.120,         8.690,   1000000.000
    19960604,         0.100,         8.690,   1000000.000
    19960618,         1.350,        15.970,   1000000.000
    19960710,         0.120,         9.060,   1000000.000
    19960912,         0.100,        10.480,   1000000.000
    19961010,         0.060,        11.000,   1000000.000
    19961029,         0.120,        11.070,   1000000.000
    19961111,         0.140,        11.220,   1000000.000
    19961125,         0.080,        11.220,   1000000.000
    19961213,         0.140,        11.370,   1000000.000
    19961226,         0.120,        11.000,   1000000.000
    19970114,         0.120,        11.000,   1000000.000
    19970306,         0.120,        10.250,   1000000.000
    19970408,         0.100,         9.510,   1000000.000
    19970507,         0.100,         9.510,   1000000.000
    19970603,         0.120,         8.770,   1000000.000
    19970709,        -0.080,         9.510,   1000000.000
    19970813,         0.140,        10.250,   1000000.000
    19970911,         0.150,        10.250,   1000000.000
    19971011,         0.100,        10.250,   1000000.000
    19971119,         0.040,        11.000,   1000000.000
    19971216,         0.100,        11.000,   1000000.000
    19980113,         0.210,        11.000,   1000000.000
    19980223,         0.120,        10.250,   1000000.000
    19980323,         0.100,         9.510,   1000000.000
    19980415,         0.080,         9.510,   1000000.000
    19980519,         0.150,         8.770,   1000000.000
    19980617,         0.120,         9.510,   1000000.000
    19980713,         0.080,         9.510,   1000000.000
    19980802,         0.080,        10.250,   1000000.000
    19980922,         0.140,        10.250,   1000000.000
    19981021,         0.080,        11.000,   1000000.000
    19981117,         0.040,        11.740,   1000000.000
    19981217,         0.060,        11.740,   1000000.000
    19981222,         0.250,        11.740,   1000000.000
    19990126,         0.040,        11.000,   1000000.000
    19990204,         0.120,        11.000,   1000000.000
    19990309,         0.100,        10.250,   1000000.000
    19990414,         0.060,         9.510,   1000000.000
    19990526,         0.100,         9.510,   1000000.000
    19990623,         0.060,         9.510,   1000000.000
    19990729,         0.080,        10.250,   1000000.000
    19990802,         0.040,        11.000,   1000000.000
    19991026,         0.060,        11.000,   1000000.000
    19991125,         0.120,        11.000,   1000000.000
